***BAYES CLASSIFIER***

COMPLETE VIEW : [0.7909523809523809, 0.7947619047619047, 0.788095238095238, 0.7942857142857143, 0.7904761904761904, 0.7938095238095237, 0.7942857142857142, 0.7899999999999998, 0.7899999999999999, 0.7947619047619047, 0.7919047619047619, 0.7957142857142856, 0.7923809523809522, 0.7909523809523809, 0.7885714285714285, 0.7923809523809522, 0.7885714285714285, 0.7904761904761903, 0.7933333333333332, 0.7914285714285714, 0.7942857142857142, 0.7899999999999999, 0.7899999999999999, 0.7942857142857142, 0.7876190476190474, 0.7919047619047619, 0.7938095238095237, 0.7923809523809523, 0.799047619047619, 0.7899999999999999]

***PARZEN***


COMPLETE VIEW : [0.9514285714285714, 0.9480952380952381, 0.9557142857142857, 0.9495238095238095, 0.9485714285714286, 0.9547619047619047, 0.9485714285714286, 0.9466666666666667, 0.9504761904761905, 0.949047619047619, 0.9538095238095238, 0.9452380952380952, 0.9504761904761905, 0.9442857142857143, 0.9419047619047619, 0.9466666666666667, 0.9419047619047619, 0.9504761904761905, 0.9519047619047619, 0.9519047619047619, 0.9400000000000001, 0.9528571428571428, 0.9514285714285714, 0.9514285714285714, 0.9447619047619048, 0.9538095238095238, 0.9514285714285714, 0.9538095238095238, 0.950952380952381, 0.9485714285714286]

SHAPE VIEW: [0.6171428571428571, 0.6280952380952382, 0.6180952380952381, 0.6038095238095238, 0.6052380952380952, 0.628095238095238, 0.58, 0.6171428571428571, 0.6219047619047618, 0.6257142857142857, 0.5666666666666667, 0.6123809523809524, 0.621904761904762, 0.6171428571428572, 0.6290476190476191, 0.6042857142857143, 0.6204761904761906, 0.6009523809523809, 0.6171428571428572, 0.6138095238095237, 0.6142857142857142, 0.5919047619047619, 0.619047619047619, 0.6061904761904762, 0.6109523809523809, 0.6123809523809524, 0.6209523809523809, 0.5919047619047619, 0.619047619047619, 0.610952380952381]

RGB VIEW: 
