Melhor Energia 3.6097930546676604
ARI 0.1668990003787486
Prototipos Iniciais
[2090 2010 1527 1992  712 1369  401]
Representantes de cada grupo
[[1.39660629e+02 8.37755647e+01 0.00000000e+00 6.64400383e-02
  2.25730058e+01 5.62805983e+02 2.72479531e+01 5.68155155e+02]
 [1.15429523e+02 1.33689937e+02 1.19749226e-01 0.00000000e+00
  1.71354283e+00 1.56680802e+00 2.17089331e+00 1.96030736e+00]
 [6.32697357e+01 9.62499519e+01 0.00000000e+00 0.00000000e+00
  1.29451115e+00 1.24634337e+00 1.28196784e+00 1.38518898e+00]
 [1.23715787e+02 1.38671500e+02 1.04461861e-02 1.19931756e-01
  4.18991352e+00 1.41782573e+01 5.65366594e+00 2.20646166e+01]
 [1.94083813e+02 9.23680292e+01 0.00000000e+00 0.00000000e+00
  1.24615736e+00 1.42018587e+00 1.10342370e+00 1.04116189e+00]
 [1.47554006e+02 1.36331280e+02 0.00000000e+00 0.00000000e+00
  4.54420941e+00 2.47093394e+01 1.22228696e+01 6.51530963e+01]
 [1.27266527e+02 1.94881838e+02 0.00000000e+00 0.00000000e+00
  2.33823292e+00 2.42691982e+00 2.87547738e+00 3.42694994e+00]]
Hiperparametros
[7.70182785e-08 1.25668468e-07 1.36780845e+00 4.70560059e+00
 5.08746229e-05 4.38363250e-07 5.67798875e-05 1.93686869e-07]
Elementos Cluster 0
[1247, 1267, 1284, 1440, 1455, 1465, 1477, 1497, 1512, 1534]
Elementos Cluster 1
[7, 11, 14, 19, 22, 23, 38, 40, 42, 43, 46, 51, 57, 59, 65, 69, 79, 89, 95, 96, 99, 100, 103, 110, 116, 118, 124, 229, 230, 236, 241, 249, 254, 257, 258, 266, 274, 277, 287, 288, 307, 311, 318, 324, 326, 336, 344, 347, 356, 359, 364, 369, 376, 409, 415, 421, 452, 454, 455, 457, 463, 479, 481, 484, 511, 516, 517, 524, 539, 546, 561, 569, 578, 580, 582, 585, 588, 593, 600, 615, 625, 671, 687, 688, 699, 700, 707, 710, 729, 737, 742, 748, 763, 772, 774, 781, 782, 787, 789,794, 806, 812, 824, 837, 848, 856, 862, 871, 884, 885, 889, 897, 898, 905, 908, 918, 924, 952, 956, 982, 1004, 1014, 1018, 1028, 1044, 1048, 1052, 1056, 1063, 1075, 1076, 1080, 1081, 1083, 1084, 1091, 1096, 1099, 1108, 1109, 1112, 1114,1121, 1124, 1126, 1133, 1134, 1141, 1144, 1151, 1152, 1153, 1154, 1158, 1162, 1164, 1167, 1177, 1181, 1184, 1189, 1190, 1192, 1196, 1200, 1201, 1209, 1215, 1219, 1222, 1223, 1225, 1228, 1229, 1232, 1234, 1239, 1240, 1248, 1313, 1335, 1336, 1341, 1344, 1347, 1348, 1350, 1353, 1354, 1358, 1359, 1362, 1368, 1371, 1378, 1392, 1412, 1415, 1417, 1426, 1436, 1443, 1456, 1467, 1475, 1480, 1490, 1500, 1509, 1526, 1532, 1539, 1543, 1557, 1581, 1604, 1620, 1624, 1626, 1632, 1643,1644, 1646, 1647, 1652, 1656, 1657, 1664, 1666, 1686, 1688, 1696, 1697, 1738, 1748, 1764, 1836, 1863, 1923, 1925, 1927, 1940, 1954, 1965, 1985, 1986, 1996, 2003, 2007, 2010, 2016, 2084, 2093, 2096, 2099]
Elementos Cluster 2
[17, 30, 35, 126, 141, 148, 213, 233, 238, 239, 243, 245, 247, 248, 250, 251, 255, 256, 260, 263, 267, 268, 269, 271, 273, 275, 276, 283, 284, 285, 290, 293,294, 295, 297, 298, 300, 301, 302, 303, 304, 305, 306, 308, 312, 315, 317, 319, 321, 322, 323, 328, 329, 330, 331, 333, 334, 335, 337, 338, 339, 341, 342, 343, 346, 348, 349, 353, 354, 357, 358, 360, 361, 362, 365, 367, 370, 372, 374, 375, 378, 387, 388, 391, 393, 394, 395, 396, 398, 399, 401, 403, 405, 406, 407, 408, 410, 411, 412, 413, 414, 416, 417, 418, 419, 422, 423, 424, 425, 426, 427,428, 429, 432, 434, 436, 437, 438, 440, 441, 443, 446, 450, 451, 453, 456, 458, 459, 460, 462, 464, 466, 467, 468, 469, 470, 471, 472, 474, 475, 476, 477, 478, 480, 482, 483, 485, 486, 487, 488, 489, 490, 491, 492, 493, 494, 496, 497, 498, 500, 502, 503, 504, 505, 509, 510, 513, 514, 515, 522, 523, 525, 526, 533, 534, 536, 537, 538, 540, 541, 544, 547, 549, 551, 554, 564, 572, 577, 706, 709,711, 713, 714, 717, 718, 720, 722, 724, 726, 727, 731, 739, 740, 744, 745, 746, 753, 755, 756, 757, 759, 760, 762, 764, 783, 785, 953, 954, 957, 958, 959, 960, 961, 963, 964, 966, 967, 968, 969, 970, 971, 972, 973, 974, 975, 976, 977, 979, 980, 983, 984, 985, 986, 987, 988, 989, 990, 992, 993, 994, 995, 997, 999, 1000, 1001, 1002, 1003, 1006, 1008, 1010, 1012, 1027, 1029, 1035, 1036, 1040, 1045, 1049, 1054, 1057, 1061, 1068, 1072, 1073, 1074, 1077, 1078, 1079, 1082, 1085, 1087, 1089, 1090, 1092, 1093, 1094, 1095, 1098, 1100, 1101, 1102, 1103, 1104, 1105, 1106, 1110, 1113, 1115, 1116, 1117, 1118, 1119, 1122, 1123, 1127, 1128, 1129, 1130, 1131, 1132, 1135, 1136, 1137, 1138, 1140, 1142, 1143, 1145, 1146,1147, 1150, 1155, 1156, 1157, 1159, 1160, 1161, 1163, 1165, 1166, 1168, 1169, 1170, 1172, 1173, 1174, 1175, 1176, 1178, 1179, 1180, 1182, 1183, 1186, 1187, 1188, 1191, 1195, 1197, 1198, 1199, 1202, 1205, 1206, 1207, 1208, 1210, 1211, 1212, 1213, 1216, 1217, 1218, 1220, 1221, 1224, 1227, 1231, 1233, 1235, 1236, 1237, 1295, 1297, 1301, 1305, 1312, 1324, 1325, 1327, 1333, 1379, 1382, 1383, 1384, 1385, 1388, 1389, 1390, 1391, 1393, 1394, 1395, 1397, 1398, 1399, 1400, 1401,1402, 1403, 1404, 1405, 1406, 1407, 1414, 1416, 1420, 1424, 1425, 1429, 1430, 1431, 1432, 1442, 1445, 1446, 1447, 1448, 1449, 1450, 1451, 1453, 1454, 1458, 1459, 1460, 1461, 1462, 1463, 1464, 1466, 1468, 1469, 1470, 1471, 1473, 1474, 1478, 1479, 1481, 1483, 1484, 1485, 1486, 1487, 1488, 1489, 1491, 1492, 1493, 1494, 1495, 1496, 1498, 1499, 1502, 1503, 1504, 1505, 1506, 1507, 1510, 1511, 1513, 1514, 1515, 1516, 1518, 1519, 1520, 1521, 1522, 1523, 1524, 1527, 1533, 1535,1536, 1537, 1538, 1540, 1541, 1542, 1544, 1545, 1546, 1547, 1548, 1549, 1550, 1551, 1552, 1553, 1554, 1555, 1559, 1560, 1561, 1562, 1563, 1564, 1566, 1567, 1569, 1571, 1572, 1573, 1574, 1576, 1577, 1579, 1580, 1582, 1583, 1584, 1586, 1587, 1588, 1592, 1593, 1595, 1599, 1600, 1605, 1607, 1608, 1609, 1610, 1611, 1614, 1619, 1621, 1622, 1623, 1625, 1627, 1629, 1630, 1634, 1635, 1636, 1637, 1638, 1639, 1641, 1642, 1648, 1675, 1682, 1774, 1776, 1777, 1781, 1782, 1783, 1784,1787, 1789, 1790, 1791, 1792, 1793, 1794, 1795, 1796, 1797, 1799, 1802, 1803, 1804, 1806, 1807, 1809, 1812, 1813, 1816, 1819, 1823, 1824, 1827, 1829, 1830, 1831, 1833, 1834, 1837, 1838, 1839, 1847, 1848, 1849, 1850, 1853, 1854, 1856, 1857, 1858, 1861, 1864, 1866, 1869, 1872, 1874, 1875, 1876, 1877, 1878, 1879, 1880, 1881, 1884, 1887, 1888, 1894, 1895, 1897, 1900, 1902, 1903, 1904, 1907, 1909, 1910, 1916, 1918, 1929, 1931, 1932, 1935, 1936, 1938, 1941, 1947, 1948, 1950,1951, 1952, 1953, 1956, 1957, 1958, 1960, 1963, 1964, 1966, 1967, 1969, 1970, 1972, 1974, 1975, 1978, 1979, 2088, 2089, 2091, 2095]
Elementos Cluster 3
[32, 66, 92, 106, 107, 109, 177, 209, 252, 259, 282, 380, 389, 400, 431, 435, 439, 444, 445, 447, 449, 473, 638, 645, 703, 725, 773, 803, 819, 826, 827, 842,866, 867, 868, 875, 888, 891, 894, 896, 909, 916, 919, 923, 925, 944, 955, 1062, 1088, 1111, 1171, 1241, 1255, 1270, 1290, 1433, 1439, 1444, 1452, 1457, 1501, 1530, 1556, 1565, 1568, 1575, 1585, 1744, 2009, 2072, 2080, 2081, 2082, 2087]
Elementos Cluster 4
[18, 137, 138, 139, 140, 142, 143, 144, 145, 146, 147, 149, 150, 151, 152, 153, 154, 155, 156, 157, 158, 159, 160, 161, 162, 163, 164, 165, 166, 167, 168, 169, 170, 171, 172, 173, 174, 175, 176, 178, 179, 180, 181, 182, 184, 185, 186, 187, 188, 189, 190, 191, 192, 193, 194, 195, 196, 197, 198, 199, 200, 201, 202, 203, 204, 205, 206, 207, 208, 210, 211, 212, 214, 215, 216, 217, 218, 219, 220,221, 222, 223, 224, 225, 226, 227, 228, 231, 232, 234, 237, 240, 242, 244, 246, 253, 261, 262, 264, 265, 270, 272, 278, 279, 280, 281, 289, 291, 296, 309, 310, 313, 314, 316, 320, 325, 327, 332, 340, 345, 351, 352, 355, 366, 368, 371, 373, 377, 379, 381, 382, 384, 385, 386, 390, 495, 499, 501, 506, 507, 508, 512, 518, 519, 520, 521, 527, 528, 529, 530, 531, 532, 535, 542, 543, 545, 548, 550,552, 553, 563, 579, 595, 611, 612, 613, 614, 616, 617, 618, 619, 620, 621, 622, 623, 624, 626, 627, 628, 629, 630, 631, 632, 633, 634, 635, 636, 637, 639, 640, 641, 642, 643, 644, 646, 647, 648, 649, 650, 651, 652, 653, 654, 655, 656, 657, 658, 659, 660, 661, 662, 663, 664, 665, 666, 667, 668, 669, 670, 672, 673, 674, 675, 676, 677, 678, 679, 680, 681, 683, 684, 685, 691, 692, 693, 698, 701,708, 712, 715, 716, 719, 721, 723, 728, 730, 732, 733, 734, 735, 736, 738, 741, 743, 747, 749, 750, 751, 752, 754, 758, 761, 768, 784, 796, 906, 962, 965, 978, 981, 991, 996, 998, 1005, 1007, 1009, 1011, 1013, 1015, 1016, 1017, 1023, 1024, 1025, 1033, 1034, 1039, 1041, 1043, 1046, 1050, 1053, 1055, 1058, 1059, 1060, 1064, 1067, 1069, 1071, 1086, 1097, 1107, 1120, 1125, 1139, 1148, 1149, 1185, 1193, 1194, 1203, 1204, 1214, 1226, 1230, 1238, 1242, 1243, 1244, 1245, 1246,1249, 1250, 1251, 1252, 1253, 1254, 1256, 1257, 1258, 1259, 1260, 1261, 1262, 1263, 1264, 1265, 1266, 1268, 1269, 1271, 1272, 1273, 1275, 1276, 1278, 1279, 1280, 1281, 1282, 1283, 1286, 1287, 1288, 1289, 1291, 1292, 1293, 1294, 1296, 1298, 1299, 1300, 1302, 1303, 1304, 1306, 1307, 1308, 1309, 1310, 1311, 1314, 1315, 1316, 1317, 1318, 1319, 1320, 1321, 1322, 1323, 1326, 1328, 1329, 1330, 1331, 1332, 1334, 1380, 1381, 1386, 1387, 1396, 1413, 1418, 1434, 1437, 1438, 1472,1508, 1528, 1531, 1558, 1578, 1589, 1590, 1591, 1594, 1596, 1597, 1598, 1601, 1602, 1603, 1606, 1612, 1613, 1615, 1616, 1617, 1618, 1628, 1631, 1633, 1640, 1645, 1654, 1668, 1673, 1685, 1687, 1698, 1715, 1728, 1730, 1731, 1732, 1734, 1735, 1736, 1737, 1739, 1740, 1741, 1742, 1743, 1745, 1746, 1747, 1749, 1750, 1752, 1753, 1754, 1755, 1756, 1757, 1758, 1759, 1760, 1761, 1762, 1763, 1765, 1766, 1767, 1769, 1770, 1772, 1775, 1778, 1779, 1780, 1785, 1786, 1788, 1798, 1800,1801, 1805, 1808, 1810, 1811, 1814, 1815, 1817, 1818, 1820, 1821, 1822, 1825, 1826, 1828, 1832, 1835, 1840, 1841, 1842, 1843, 1844, 1845, 1846, 1851, 1852, 1855, 1859, 1860, 1862, 1865, 1867, 1868, 1870, 1871, 1873, 1882, 1883, 1885, 1886, 1889, 1890, 1891, 1892, 1893, 1896, 1898, 1899, 1901, 1905, 1906, 1908, 1911, 1912, 1913, 1914, 1915, 1917, 1919, 1920, 1921, 1922, 1924, 1926, 1928, 1930, 1933, 1934, 1937, 1939, 1942, 1943, 1944, 1945, 1946, 1949, 1955, 1959, 1961,1962, 1968, 1971, 1973, 1976, 1977, 1980, 1981, 1982, 1983, 1994, 1998, 2028, 2077, 2078, 2086, 2092, 2094]
Elementos Cluster 5
[68, 292, 299, 397, 402, 404, 430, 433, 442, 465, 689, 694, 695, 696, 702, 704, 705, 861, 948, 1020, 1021, 1022, 1026, 1030, 1031, 1032, 1037, 1038, 1051, 1065, 1070, 1274, 1277, 1285, 1408, 1476, 1482, 1517, 1529, 1570, 1700, 1701, 1702, 1703, 1704, 1705, 1706, 1707, 1708, 1709, 1710, 1711, 1712, 1713, 1714, 1716, 1717, 1718, 1719, 1720, 1722, 1723, 1724, 1725, 1726, 1727, 1729, 1733, 1751,1768, 1771, 1773, 2033, 2034, 2042, 2043, 2044, 2047, 2052, 2055, 2059, 2062, 2067, 2069, 2079, 2083, 2090]
Elementos Cluster 6
[0, 1, 2, 3, 4, 5, 6, 8, 9, 10, 12, 13, 15, 16, 20, 21, 24, 25, 26, 27, 28, 29, 31, 33, 34, 36, 37, 39, 41, 44, 45, 47, 48, 49, 50, 52, 53, 54, 55, 56, 58, 60, 61, 62, 63, 64, 67, 70, 71, 72, 73, 74, 75, 76, 77, 78, 80, 81, 82, 83, 84, 85, 86, 87, 88, 90, 91, 93, 94, 97, 98, 101, 102, 104, 105, 108, 111, 112, 113,114, 115, 117, 119, 120, 121, 122, 123, 125, 127, 128, 129, 130, 131, 132, 133, 134, 135, 136, 183, 235, 286, 350, 363, 383, 392, 420, 448, 461, 555, 556, 557, 558, 559, 560, 562, 565, 566, 567, 568, 570, 571, 573, 574, 575, 576, 581, 583, 584, 586, 587, 589, 590, 591, 592, 594, 596, 597, 598, 599, 601, 602, 603, 604, 605, 606, 607, 608, 609, 610, 682, 686, 690, 697, 765, 766, 767, 769, 770,771, 775, 776, 777, 778, 779, 780, 786, 788, 790, 791, 792, 793, 795, 797, 798, 799, 800, 801, 802, 804, 805, 807, 808, 809, 810, 811, 813, 814, 815, 816, 817, 818, 820, 821, 822, 823, 825, 828, 829, 830, 831, 832, 833, 834, 835, 836, 838, 839, 840, 841, 843, 844, 845, 846, 847, 849, 850, 851, 852, 853, 854, 855, 857, 858, 859, 860, 863, 864, 865, 869, 870, 872, 873, 874, 876, 877, 878, 879,880, 881, 882, 883, 886, 887, 890, 892, 893, 895, 899, 900, 901, 902, 903, 904, 907, 910, 911, 912, 913, 914, 915, 917, 920, 921, 922, 926, 927, 928, 929, 930, 931, 932, 933, 934, 935, 936, 937, 938, 939, 940, 941, 942, 943, 945, 946, 947, 949, 950, 951, 1019, 1042, 1047, 1066, 1337, 1338, 1339, 1340, 1342, 1343, 1345, 1346, 1349, 1351, 1352, 1355, 1356, 1357, 1360, 1361, 1363, 1364, 1365, 1366, 1367, 1369, 1370, 1372, 1373, 1374, 1375, 1376, 1377, 1409, 1410, 1411, 1419, 1421, 1422, 1423, 1427, 1428, 1435, 1441, 1525, 1649, 1650, 1651, 1653, 1655, 1658, 1659, 1660, 1661, 1662, 1663, 1665, 1667, 1669, 1670, 1671, 1672, 1674, 1676, 1677, 1678, 1679, 1680, 1681, 1683, 1684, 1689, 1690, 1691, 1692, 1693,1694, 1695, 1699, 1721, 1984, 1987, 1988, 1989, 1990, 1991, 1992, 1993, 1995, 1997, 1999, 2000, 2001, 2002, 2004, 2005, 2006, 2008, 2011, 2012, 2013, 2014, 2015, 2017, 2018, 2019, 2020, 2021, 2022, 2023, 2024, 2025, 2026, 2027, 2029, 2030, 2031, 2032, 2035, 2036, 2037, 2038, 2039, 2040, 2041, 2045, 2046, 2048, 2049, 2050, 2051, 2053, 2054, 2056, 2057, 2058, 2060, 2061, 2063, 2064, 2065, 2066, 2068, 2070, 2071, 2073, 2074, 2075, 2076, 2085, 2097, 2098]